Пример работы программы


-----Результат работы программы-------
Введите количество строк (столбцов) квадратной матрицы в интервале от 6 до 100:6
Введите число К=2
матрица F промежуточное время = 0.00 seconds.
    0     0     0     0     0     0 
    0     0     0     0     0     0 
    0     0     0     0     0     0 
    0     0     0     0     0     0 
    0     0     0     0     0     0 
    0     0     0     0     0     0 
матрица A промежуточное время = 0.00 seconds.
    0     1     1     1     1     0 
    4     0     1     1     0     2 
    4     4     0     0     2     2 
    4     4     0     0     2     2 
    4     0     3     3     0     2 
    0     3     3     3     3     0 
матрица F промежуточное время = 0.00 seconds.
    0     1     1     1     1     0 
    4     0     1     1     0     2 
    4     4     0     0     2     2 
    4     4     0     0     2     2 
    4     0     3     3     0     2 
    0     3     3     3     3     0 
матрица C промежуточное время = 0.00 seconds.
    0     2     2 
    3     0     2 
    3     3     0 
матрица F промежуточное время = 0.00 seconds.
    0     2     2     1     1     0 
    3     0     2     1     0     2 
    3     3     0     0     2     2 
    4     4     0     0     1     1 
    4     0     3     4     0     1 
    0     3     3     4     4     0 
матрица A промежуточное время = 0.00 seconds.
    0     1     1     1     1     0 
    4     0     1     1     0     2 
    4     4     0     0     2     2 
    4     4     0     0     2     2 
    4     0     3     3     0     2 
    0     3     3     3     3     0 
матрица F*A промежуточное время = 0.00 seconds.
   14     7     5     5     3     6 
    7    21    14    12    15     3 
   20    14    28    24    12    10 
   20    14    28    24    12    10 
   21    35    14    12    21     9 
   42    21    15    15     9    18 
матрица A^T промежуточное время = 0.00 seconds.
    0     4     4     4     4     0 
    1     0     4     4     0     3 
    1     1     0     0     3     3 
    1     1     0     0     3     3 
    1     0     2     2     0     3 
    0     2     2     2     2     0 
матрица K*A^T промежуточное время = 0.00 seconds.
    0     8     8     8     8     0 
    2     0     8     8     0     6 
    2     2     0     0     6     6 
    2     2     0     0     6     6 
    2     0     4     4     0     6 
    0     4     4     4     4     0 
матрица (K*A)*F+K*F^T промежуточное время = 0.00 seconds.
   14    -1    -3    -3    -5     6 
    5    21     6     4    15    -3 
   18    12    28    24     6     4 
   18    12    28    24     6     4 
   19    35    10     8    21     3 
   42    17    11    11     5    18 
Program time: 0.0014879703521728516 seconds.
